585910239
460915487
605713063
605708925
299838313
476336482
605688140
605686884
605686417
605678496
605672260
605667814
605657269
605655052
605654254
605637012
605626536
605625176
578248712
605606223
605597525
605594465
585910239
584669014
605724051
605739405
605734696
605747265
605766019
605721989
605774121
605768297
605785069
605784846
605744182
587581198
586296397
587572854
587575963
605803839
605803086
586908892
587611520
531848753
587169950
605813671
605810534
568092108
605831109
584431372
481412668
605870362
605869078
605860725
605858949
605877947
605875824
605874134
605867302
605890849
605904763
605898758
605898447
605918060
605906058
605917227
585283985
605925961
605939628
520014379
605947706
605963117
605960266
605983717
605980062
605993556
576570102
605999806
606001012
606029007
606040325
466071196
606032993
606032930
606053000
445347859
606091872
527762261
524476307
606127712
598716566
606150953
552874774
486982650
582013805
32203933
583345779
340119731
606249877
606247397
606246859
606259330
606269187
606286877
606293176
606291712
606303021
606302047
606321586
606315107
606316224
606336075
606354221
606347969
606344794
606342031
606380807
606368998
380478625
606367481
606367071
606358074
606346763
606388981
606397975
606394138
606390819
606393868
606413109
517706293
606420462
606417615
606442654
606438565
606451993
606451548
606447793
288032493
606472879
487929086
606485406
606477489
606499117
606498967
537090917
606491985
606489673
423821671
606517197
606516366
606524217
606536344
606535412
606533060
606529055
606551001
606548285
606543012
606539650
606536977
588162862
606555052
606553810
524646731
606566348
606561135
588175619
588201584
587590546
587928872
524658105
524652536
606568428
606587580
606579821
606578221
606586541
588139658
606598277
587674763
606610556
606608792
606606416
606598115
606621583
587244547
606921332
575184149
606906954
540403929
606903065
606896934
606874190
606869859
606866112
606830567
537617933
605794557
606763701
606763064
606747849
432966523
606684854
587244547
606923818
606922631
606948651
606946222
606941452
606953993
606972908
601876089
606980291
606995405
606994907
606987681
606986809
606986513
606986214
607015888
606980457
605633909
607026466
605633909
607032806
607032159
607029671
607040763
606949756
607055019
607070165
607067867
607066271
607063591
607083039
607081623
607079690
607077108
607075478
607092405
607111561
607093106
569301031
607137728
607137149
607133929
524676478
588404894
588585249
588610634
588206618
607161736
607174095
607181923
607191069
607188161
607210679
607203316
607215110
607223043
607216795
607094234
607238649
607231162
607237954
607245891
607260794
607255902
607237261
371485869
607264452
607274722
607295524
607289941
607301685
607298017
607172443
504926198
607328078
607322069
607330386
607335510
607414903
607432566
221905840
607483499
607487541
607514591
607513340
607512617
589663079
607510725
588167451
607521273
607534155
607526191
607540663
607538270
607537793
607520451
607555832
607552502
607564491
607562541
607558248
607562635
607578762
607574804
607571544
607591484
607589247
607588402
607603736
607599684
607613286
607607996
607622590
607622410
607619138
607637747
607637612
607637139
607635744
607651210
590285818
607661717
607657725
607657322
607652801
607600606
607668596
590329017
607692116
607689957
607687712
540196260
607708634
607724260
607724236
605133133
